0.376772880554
0.36519408226
0.40953207016
0.383843183517
0.399699926376
0.383764982224
0.378995895386
0.370580911636
0.381691932678
0.383831977844
0.398615837097
0.394633054733
0.37159204483
0.395271778107
0.385332107544
0.368465185165
0.374073982239
0.392382144928
0.379155158997
0.384655952454
0.409329891205
0.394798994064
0.371458053589
0.358824014664
0.413109064102
0.384087085724
0.381077051163
0.384777784348
0.367823123932
0.423085927963
0.393347978592
0.373534917831
0.366780042648
0.402236938477
0.421489953995
0.384603977203
0.388166189194
0.385334014893
0.390444993973
0.378365039825
0.379553794861
0.385741233826
